5.5
6.2
6.1
7.2
5.4
7.5
5.7
5.2
10.6
8.4
7.0
6.7
8.5
8.4
6.8
6.7
7.3
3.8
6.5
7.5
7.4
4.9
6.1
9.9
7.8
5.0
5.1
4.4
11.8
11.7
8.1
7.9
8.7
9.3
7.9
7.6
2.9
2.4
6.2
3.9
4.6
6.3
8.7
11.7
12.0
12.4
9.3
10.3
7.6
8.1
9.0
10.0
12.5
10.4
9.8
10.5
8.1
7.0
7.0
9.4
12.0
7.3
11.3
8.9
9.2
9.4
7.3
7.2
13.1
14.7
15.3
11.4
12.5
5.5
7.1
7.1
7.7
11.9
14.6
14.5
13.8
16.8
10.3
8.2
10.0
13.0
16.2
15.5
3.6
7.6
9.8
11.4
13.9
12.8
15.7
10.2
12.1
12.4
14.3
13.3
11.2
11.4
10.3
8.0
10.9
13.8
11.7
12.4
12.9
14.7
9.7
14.2
13.5
11.9
12.2
12.7
18.3
12.8
12.3
15.1
18.0
19.9
20.6
20.7
19.3
21.3
15.8
16.5
16.7
18.3
21.5
22.9
21.7
22.3
20.8
21.5
18.5
21.6
19.2
17.7
12.7
12.7
15.3
18.4
20.8
21.6
20.9
21.4
19.4
20.7
22.0
21.3
19.6
22.3
24.0
23.5
24.8
24.2
22.0
23.2
25.5
26.2
25.1
26.2
21.3
21.7
25.9
25.5
23.6
22.1
18.7
22.9
21.9
19.2
22.3
22.5
20.2
24.7
25.5
22.2
24.9
24.6
25.1
25.9
23.8
23.8
24.9
24.8
27.2
26.0
23.7
25.3
27.5
26.0
21.0
22.3
20.4
20.7
19.3
20.4
24.3
26.9
25.5
26.6
23.2
24.5
25.1
25.6
26.3
26.7
22.9
23.2
24.8
26.1
26.3
27.2
28.3
29.1
28.5
29.5
28.1
28.7
30.5
31.7
30.0
29.4
29.4
31.0
31.2
30.8
30.3
29.0
29.7
30.1
29.3
25.6
27.2
27.8
28.8
29.3
30.2
30.3
30.0
27.5
24.9
26.8
28.4
29.3
28.6
25.7
26.7
29.5
29.0
27.7
28.3
23.7
23.3
23.4
23.8
24.0
24.9
29.0
24.7
22.2
22.0
22.5
20.2
19.0
19.4
18.5
19.7
21.5
19.7
20.0
19.5
21.0
21.7
22.0
21.7
21.0
18.3
14.7
14.5
16.0
19.8
21.5
22.1
20.3
16.8
16.1
12.7
14.3
13.1
15.6
16.0
17.4
16.8
17.3
15.5
16.2
16.7
16.6
17.3
14.9
13.8
14.3
15.6
14.8
13.7
13.4
12.8
15.5
17.3
13.5
11.9
11.9
10.2
13.7
14.7
13.4
14.7
15.2
15.8
19.1
21.9
16.6
15.0
15.5
11.8
10.5
12.8
11.6
11.8
10.1
9.9
10.2
8.2
8.1
9.2
6.6
8.2
9.7
11.4
9.8
9.3
10.2
11.4
9.9
8.5
6.1
4.6
4.3
6.1
5.8
4.4
5.3
5.6
7.7
8.0
8.7
6.4
7.8
8.5
8.7
6.9
3.4
